&CALCTRL
 RSTEP=  5.0000000000000003E-002,
 NRMAX=        600,
 RPTMAX=  30.000000000000000     ,
 MQR=         32,
 MQMU=         32,
 TR=  1.2500000000000000     ,
 TI=  1.3500000000000001     ,
 ILDA=          1,
 /
