&CALCTRL
 RSTEP=  1.0000000000000000E-002,
 NRMAX=3000       ,
 RPTMAX=  20.000000000000000     ,
 MQR=32         ,
 MQMU=32         ,
 TR=  1.2500000000000000     ,
 TI=  1.3500000000000001     ,
 ILDA=1          ,
 /
